kp: 1.0
ki: 0.0
kd: 0.0
max_output: 3.14159
min_output: -3.14159